0.079227759 
0.079227759 
0.079672279 
0.079672279 
0.079672279 
0.079672279 
0.079672279 
0.075316046 
0.075316046 
0.075316046 
0.075316046 
0.075316046 
0.075316046 
0.075316046 
0.075316046 
0.075316046 
0.075316046 
0.075316046 
0.075316046 
0.075316046 
0.056671383 
0.056671383 
0.056671383 
0.056671383 
0.056671383 
0.056671383 
0.056671383 
0.056671383 
0.056671383 
0.056671383 
0.056671383 
0.056671383 
0.056671383 
0.035650759 
0.035650759 
0.035650759 
0.035650759 
0.035650759 
0.035650759 
0.035650759 
0.035650759 
0.079922251 
0.080655711 
0.080655711 
0.080655711 
0.080655711 
0.080655711 
0.080655711 
0.080655711 
0.080655711 
0.080655711 
0.080655711
