0.63956347 
0.63956347 
0.63983383 
0.63983383 
0.63983383 
0.63983383 
0.63983383 
0.63711704 
0.63711704 
0.63711704 
0.63711704 
0.63711704 
0.63711704 
0.63711704 
0.63711704 
0.63711704 
0.63711704 
0.63711704 
0.63711704 
0.63711704 
0.62350709 
0.62350709 
0.62350709 
0.62350709 
0.62350709 
0.62350709 
0.62350709 
0.62350709 
0.62350709 
0.62350709 
0.62350709 
0.62350709 
0.62350709 
0.6015108 
0.6015108 
0.6015108 
0.6015108 
0.6015108 
0.6015108 
0.6015108 
0.6015108 
0.63998633 
0.64043074 
0.64043074 
0.64043074 
0.64043074 
0.64043074 
0.64043074 
0.64043074 
0.64043074 
0.64043074 
0.64043074
