0.75898774 
0.75898774 
0.75962602 
0.75962602 
0.75962602 
0.75962602 
0.75962602 
0.75315691 
0.75315691 
0.75315691 
0.75315691 
0.75315691 
0.75315691 
0.75315691 
0.75315691 
0.75315691 
0.75315691 
0.75315691 
0.75315691 
0.75315691 
0.71829824 
0.71829824 
0.71829824 
0.71829824 
0.71829824 
0.71829824 
0.71829824 
0.71829824 
0.71829824 
0.71829824 
0.71829824 
0.71829824 
0.71829824 
0.65752287 
0.65752287 
0.65752287 
0.65752287 
0.65752287 
0.65752287 
0.65752287 
0.65752287 
0.75998495 
0.7610381 
0.7610381 
0.7610381 
0.7610381 
0.7610381 
0.7610381 
0.7610381 
0.7610381 
0.7610381 
0.7610381
