0.29422296 
0.29422296 
0.29514148 
0.29514148 
0.29514148 
0.29514148 
0.29514148 
0.28600299 
0.28600299 
0.28600299 
0.28600299 
0.28600299 
0.28600299 
0.28600299 
0.28600299 
0.28600299 
0.28600299 
0.28600299 
0.28600299 
0.28600299 
0.2430087 
0.2430087 
0.2430087 
0.2430087 
0.2430087 
0.2430087 
0.2430087 
0.2430087 
0.2430087 
0.2430087 
0.2430087 
0.2430087 
0.2430087 
0.18402874 
0.18402874 
0.18402874 
0.18402874 
0.18402874 
0.18402874 
0.18402874 
0.18402874 
0.29565814 
0.29717376 
0.29717376 
0.29717376 
0.29717376 
0.29717376 
0.29717376 
0.29717376 
0.29717376 
0.29717376 
0.29717376
