0.092118512 
0.092118512 
0.091791473 
0.091791473 
0.091791473 
0.091791473 
0.091791473 
0.095122508 
0.095122508 
0.095122508 
0.095122508 
0.095122508 
0.095122508 
0.095122508 
0.095122508 
0.095122508 
0.095122508 
0.095122508 
0.095122508 
0.095122508 
0.11341709 
0.11341709 
0.11341709 
0.11341709 
0.11341709 
0.11341709 
0.11341709 
0.11341709 
0.11341709 
0.11341709 
0.11341709 
0.11341709 
0.11341709 
0.14889701 
0.14889701 
0.14889701 
0.14889701 
0.14889701 
0.14889701 
0.14889701 
0.14889701 
0.091607565 
0.091067949 
0.091067949 
0.091067949 
0.091067949 
0.091067949 
0.091067949 
0.091067949 
0.091067949 
0.091067949 
0.091067949
