3.9013999e-05 
3.9013999e-05 
3.8686157e-05 
3.8686157e-05 
3.8686157e-05 
3.8686157e-05 
3.8686157e-05 
4.1975699e-05 
4.1975699e-05 
4.1975699e-05 
4.1975699e-05 
4.1975699e-05 
4.1975699e-05 
4.1975699e-05 
4.1975699e-05 
4.1975699e-05 
4.1975699e-05 
4.1975699e-05 
4.1975699e-05 
4.1975699e-05 
6.0471711e-05 
6.0471711e-05 
6.0471711e-05 
6.0471711e-05 
6.0471711e-05 
6.0471711e-05 
6.0471711e-05 
6.0471711e-05 
6.0471711e-05 
6.0471711e-05 
6.0471711e-05 
6.0471711e-05 
6.0471711e-05 
0.00010698858 
0.00010698858 
0.00010698858 
0.00010698858 
0.00010698858 
0.00010698858 
0.00010698858 
0.00010698858 
3.8501798e-05 
3.8012368e-05 
3.8012368e-05 
3.8012368e-05 
3.8012368e-05 
3.8012368e-05 
3.8012368e-05 
3.8012368e-05 
3.8012368e-05 
3.8012368e-05 
3.8012368e-05
