0.028274422 
0.028274422 
0.028192348 
0.028192348 
0.028192348 
0.028192348 
0.028192348 
0.029029399 
0.029029399 
0.029029399 
0.029029399 
0.029029399 
0.029029399 
0.029029399 
0.029029399 
0.029029399 
0.029029399 
0.029029399 
0.029029399 
0.029029399 
0.033760417 
0.033760417 
0.033760417 
0.033760417 
0.033760417 
0.033760417 
0.033760417 
0.033760417 
0.033760417 
0.033760417 
0.033760417 
0.033760417 
0.033760417 
0.042719305 
0.042719305 
0.042719305 
0.042719305 
0.042719305 
0.042719305 
0.042719305 
0.042719305 
0.028146195 
0.028010773 
0.028010773 
0.028010773 
0.028010773 
0.028010773 
0.028010773 
0.028010773 
0.028010773 
0.028010773 
0.028010773
