0.24204968 
0.24204968 
0.24171977 
0.24171977 
0.24171977 
0.24171977 
0.24171977 
0.24504267 
0.24504267 
0.24504267 
0.24504267 
0.24504267 
0.24504267 
0.24504267 
0.24504267 
0.24504267 
0.24504267 
0.24504267 
0.24504267 
0.24504267 
0.26213219 
0.26213219 
0.26213219 
0.26213219 
0.26213219 
0.26213219 
0.26213219 
0.26213219 
0.26213219 
0.26213219 
0.26213219 
0.26213219 
0.26213219 
0.29038423 
0.29038423 
0.29038423 
0.29038423 
0.29038423 
0.29038423 
0.29038423 
0.29038423 
0.24153425 
0.2409899 
0.2409899 
0.2409899 
0.2409899 
0.2409899 
0.2409899 
0.2409899 
0.2409899 
0.2409899 
0.2409899
