4.9998925e-05 
4.9998925e-05 
4.9998902e-05 
4.9998902e-05 
4.9998902e-05 
4.9998902e-05 
4.9998902e-05 
4.9999142e-05 
4.9999142e-05 
4.9999142e-05 
4.9999142e-05 
4.9999142e-05 
4.9999142e-05 
4.9999142e-05 
4.9999142e-05 
4.9999142e-05 
4.9999142e-05 
4.9999142e-05 
4.9999142e-05 
4.9999142e-05 
5.0000814e-05 
5.0000814e-05 
5.0000814e-05 
5.0000814e-05 
5.0000814e-05 
5.0000814e-05 
5.0000814e-05 
5.0000814e-05 
5.0000814e-05 
5.0000814e-05 
5.0000814e-05 
5.0000814e-05 
5.0000814e-05 
5.0007406e-05 
5.0007406e-05 
5.0007406e-05 
5.0007406e-05 
5.0007406e-05 
5.0007406e-05 
5.0007406e-05 
5.0007406e-05 
4.9998889e-05 
4.9998856e-05 
4.9998856e-05 
4.9998856e-05 
4.9998856e-05 
4.9998856e-05 
4.9998856e-05 
4.9998856e-05 
4.9998856e-05 
4.9998856e-05 
4.9998856e-05
