97.728806 
97.728806 
97.674809 
97.674809 
97.674809 
97.674809 
97.674809 
98.216611 
98.216611 
98.216611 
98.216611 
98.216611 
98.216611 
98.216611 
98.216611 
98.216611 
98.216611 
98.216611 
98.216611 
98.216611 
100.95916 
100.95916 
100.95916 
100.95916 
100.95916 
100.95916 
100.95916 
100.95916 
100.95916 
100.95916 
100.95916 
100.95916 
100.95916 
105.58842 
105.58842 
105.58842 
105.58842 
105.58842 
105.58842 
105.58842 
105.58842 
97.644445 
97.556574 
97.556574 
97.556574 
97.556574 
97.556574 
97.556574 
97.556574 
97.556574 
97.556574 
97.556574
