-0.58910522 
-0.58910522 
0 
0 
0 
0 
0 
-11.794526 
-11.794526 
-11.794526 
-11.794526 
-11.794526 
-11.794526 
-11.794526 
-11.794526 
-11.794526 
-11.794526 
-11.794526 
-11.794526 
-11.794526 
-17.251353 
-17.251353 
-17.251353 
-17.251353 
-17.251353 
-17.251353 
-17.251353 
-17.251353 
-17.251353 
-17.251353 
-17.251353 
-17.251353 
-17.251353 
-6.2145603 
-6.2145603 
-6.2145603 
-6.2145603 
-6.2145603 
-6.2145603 
-6.2145603 
-6.2145603 
-0.91764963 
-0.43362328 
-0.43362328 
-0.43362328 
-0.43362328 
-0.43362328 
-0.43362328 
-0.43362328 
-0.43362328 
-0.43362328 
-0.43362328
