-0.29479489 
-0.29479489 
0 
0 
0 
0 
0 
-0.88604405 
-0.88604405 
-0.88604405 
-0.88604405 
-0.88604405 
-0.88604405 
-0.88604405 
-0.88604405 
-0.88604405 
-0.88604405 
-0.88604405 
-0.88604405 
-0.88604405 
-1.3712377 
-1.3712377 
-1.3712377 
-1.3712377 
-1.3712377 
-1.3712377 
-1.3712377 
-1.3712377 
-1.3712377 
-1.3712377 
-1.3712377 
-1.3712377 
-1.3712377 
-0.86029203 
-0.86029203 
-0.86029203 
-0.86029203 
-0.86029203 
-0.86029203 
-0.86029203 
-0.86029203 
-0.4922338 
-0.10308417 
-0.10308417 
-0.10308417 
-0.10308417 
-0.10308417 
-0.10308417 
-0.10308417 
-0.10308417 
-0.10308417 
-0.10308417
