0.00010000287 
0.00010000287 
0.00010000282 
0.00010000282 
0.00010000282 
0.00010000282 
0.00010000282 
0.0001000033 
0.0001000033 
0.0001000033 
0.0001000033 
0.0001000033 
0.0001000033 
0.0001000033 
0.0001000033 
0.0001000033 
0.0001000033 
0.0001000033 
0.0001000033 
0.0001000033 
0.00010000666 
0.00010000666 
0.00010000666 
0.00010000666 
0.00010000666 
0.00010000666 
0.00010000666 
0.00010000666 
0.00010000666 
0.00010000666 
0.00010000666 
0.00010000666 
0.00010000666 
0.00010001986 
0.00010001986 
0.00010001986 
0.00010001986 
0.00010001986 
0.00010001986 
0.00010001986 
0.00010001986 
0.0001000028 
0.00010000273 
0.00010000273 
0.00010000273 
0.00010000273 
0.00010000273 
0.00010000273 
0.00010000273 
0.00010000273 
0.00010000273 
0.00010000273
