-70.186842 
-70.186842 
-70.21114 
-70.21114 
-70.21114 
-70.21114 
-70.21114 
-69.967335 
-69.967335 
-69.967335 
-69.967335 
-69.967335 
-69.967335 
-69.967335 
-69.967335 
-69.967335 
-69.967335 
-69.967335 
-69.967335 
-69.967335 
-68.749924 
-68.749924 
-68.749924 
-68.749924 
-68.749924 
-68.749924 
-68.749924 
-68.749924 
-68.749924 
-68.749924 
-68.749924 
-68.749924 
-68.749924 
-66.808638 
-66.808638 
-66.808638 
-66.808638 
-66.808638 
-66.808638 
-66.808638 
-66.808638 
-70.224804 
-70.264896 
-70.264896 
-70.264896 
-70.264896 
-70.264896 
-70.264896 
-70.264896 
-70.264896 
-70.264896 
-70.264896
